shape_id,shape_pt_lat,shape_pt_lon,shape_pt_sequence
203_0_1_shp,41.16144,-8.58192,1
203_0_1_shp,41.16152,-8.58192,2
203_0_1_shp,41.16163,-8.58186,3
203_0_1_shp,41.16181,-8.58185,4
203_0_1_shp,41.16201,-8.58187,5
203_0_1_shp,41.16208,-8.58189,6
203_0_1_shp,41.1622,-8.58193,7
203_0_1_shp,41.16238,-8.58205,8
203_0_1_shp,41.16248,-8.58212,9
203_0_1_shp,41.16257,-8.5822,10
203_0_1_shp,41.16259,-8.58222,11
203_0_1_shp,41.16261,-8.58224,12
203_0_1_shp,41.16265,-8.58228,13
203_0_1_shp,41.16273,-8.58236,14
203_0_1_shp,41.16283,-8.58251,15
203_0_1_shp,41.16293,-8.58266,16
203_0_1_shp,41.16298,-8.58278,17
203_0_1_shp,41.163,-8.58284,18
203_0_1_shp,41.16303,-8.58291,19
203_0_1_shp,41.16305,-8.58297,20
203_0_1_shp,41.16306,-8.58301,21
203_0_1_shp,41.16309,-8.58311,22
203_0_1_shp,41.16311,-8.58319,23
203_0_1_shp,41.16312,-8.58325,24
203_0_1_shp,41.16313,-8.58332,25
203_0_1_shp,41.16314,-8.5834,26
203_0_1_shp,41.16314,-8.58347,27
203_0_1_shp,41.16315,-8.58351,28
203_0_1_shp,41.16315,-8.58355,29
203_0_1_shp,41.16315,-8.58359,30
203_0_1_shp,41.16315,-8.58367,31
203_0_1_shp,41.16315,-8.58373,32
203_0_1_shp,41.16315,-8.58379,33
203_0_1_shp,41.16319,-8.58397,34
203_0_1_shp,41.16307,-8.58433,35
203_0_1_shp,41.16304,-8.58444,36
203_0_1_shp,41.16301,-8.58449,37
203_0_1_shp,41.16293,-8.58468,38
203_0_1_shp,41.16292,-8.58472,39
203_0_1_shp,41.16291,-8.58475,40
203_0_1_shp,41.16291,-8.58478,41
203_0_1_shp,41.1629,-8.58482,42
203_0_1_shp,41.1629,-8.58485,43
203_0_1_shp,41.1629,-8.58488,44
203_0_1_shp,41.16289,-8.58491,45
203_0_1_shp,41.16289,-8.58494,46
203_0_1_shp,41.16289,-8.58498,47
203_0_1_shp,41.16289,-8.58501,48
203_0_1_shp,41.1629,-8.58504,49
203_0_1_shp,41.1629,-8.58507,50
203_0_1_shp,41.16291,-8.58511,51
203_0_1_shp,41.16291,-8.58514,52
203_0_1_shp,41.16292,-8.58517,53
203_0_1_shp,41.16293,-8.5852,54
203_0_1_shp,41.16295,-8.58527,55
203_0_1_shp,41.16297,-8.58534,56
203_0_1_shp,41.16297,-8.58535,57
203_0_1_shp,41.16301,-8.58546,58
203_0_1_shp,41.16302,-8.5855,59
203_0_1_shp,41.16304,-8.58556,60
203_0_1_shp,41.16308,-8.5857,61
203_0_1_shp,41.16311,-8.58579,62
203_0_1_shp,41.16315,-8.58593,63
203_0_1_shp,41.16318,-8.586,64
203_0_1_shp,41.16321,-8.58613,65
203_0_1_shp,41.16327,-8.58631,66
203_0_1_shp,41.16349,-8.58699,67
203_0_1_shp,41.16353,-8.58711,68
203_0_1_shp,41.16367,-8.58752,69
203_0_1_shp,41.16391,-8.58825,70
203_0_1_shp,41.16405,-8.58865,71
203_0_1_shp,41.16407,-8.58871,72
203_0_1_shp,41.16424,-8.58912,73
203_0_1_shp,41.16427,-8.58923,74
203_0_1_shp,41.16428,-8.58925,75
203_0_1_shp,41.16429,-8.58928,76
203_0_1_shp,41.16429,-8.58929,77
203_0_1_shp,41.1643,-8.58931,78
203_0_1_shp,41.16432,-8.5894,79
203_0_1_shp,41.16396,-8.58973,80
203_0_1_shp,41.16373,-8.58991,81
203_0_1_shp,41.16346,-8.59011,82
203_0_1_shp,41.16311,-8.59039,83
203_0_1_shp,41.16309,-8.59041,84
203_0_1_shp,41.16297,-8.59052,85
203_0_1_shp,41.16289,-8.59058,86
203_0_1_shp,41.16278,-8.59071,87
203_0_1_shp,41.16275,-8.59073,88
203_0_1_shp,41.16264,-8.59087,89
203_0_1_shp,41.16262,-8.59089,90
203_0_1_shp,41.16255,-8.59098,91
203_0_1_shp,41.16237,-8.59112,92
203_0_1_shp,41.16211,-8.59134,93
203_0_1_shp,41.16201,-8.59143,94
203_0_1_shp,41.16196,-8.59148,95
203_0_1_shp,41.16173,-8.59164,96
203_0_1_shp,41.16164,-8.59173,97
203_0_1_shp,41.16155,-8.59179,98
203_0_1_shp,41.1614,-8.59191,99
203_0_1_shp,41.16121,-8.59206,100
203_0_1_shp,41.16098,-8.59227,101
203_0_1_shp,41.16093,-8.59233,102
203_0_1_shp,41.16089,-8.5924,103
203_0_1_shp,41.16086,-8.59248,104
203_0_1_shp,41.16068,-8.59305,105
203_0_1_shp,41.16068,-8.59306,106
203_0_1_shp,41.16053,-8.59348,107
203_0_1_shp,41.16053,-8.59364,108
203_0_1_shp,41.16053,-8.59375,109
203_0_1_shp,41.16054,-8.59378,110
203_0_1_shp,41.16055,-8.59387,111
203_0_1_shp,41.16056,-8.594,112
203_0_1_shp,41.16061,-8.59434,113
203_0_1_shp,41.16065,-8.59467,114
203_0_1_shp,41.16066,-8.59473,115
203_0_1_shp,41.16074,-8.59532,116
203_0_1_shp,41.16076,-8.59551,117
203_0_1_shp,41.16082,-8.59594,118
203_0_1_shp,41.16091,-8.59672,119
203_0_1_shp,41.16099,-8.59722,120
203_0_1_shp,41.16107,-8.59793,121
203_0_1_shp,41.1611,-8.59825,122
203_0_1_shp,41.16127,-8.59957,123
203_0_1_shp,41.16129,-8.59975,124
203_0_1_shp,41.16134,-8.60011,125
203_0_1_shp,41.16137,-8.60027,126
203_0_1_shp,41.16144,-8.60083,127
203_0_1_shp,41.16153,-8.6017,128
203_0_1_shp,41.16155,-8.60182,129
203_0_1_shp,41.16169,-8.60284,130
203_0_1_shp,41.16186,-8.60405,131
203_0_1_shp,41.16191,-8.60442,132
203_0_1_shp,41.162,-8.60524,133
203_0_1_shp,41.162,-8.60534,134
203_0_1_shp,41.16202,-8.60547,135
203_0_1_shp,41.16206,-8.60583,136
203_0_1_shp,41.16209,-8.60603,137
203_0_1_shp,41.1621,-8.60615,138
203_0_1_shp,41.16211,-8.60619,139
203_0_1_shp,41.16213,-8.60636,140
203_0_1_shp,41.16215,-8.60652,141
203_0_1_shp,41.16217,-8.60664,142
203_0_1_shp,41.16219,-8.60683,143
203_0_1_shp,41.1622,-8.60688,144
203_0_1_shp,41.1622,-8.60691,145
203_0_1_shp,41.16221,-8.60693,146
203_0_1_shp,41.16221,-8.60697,147
203_0_1_shp,41.16221,-8.60699,148
203_0_1_shp,41.16222,-8.60703,149
203_0_1_shp,41.16222,-8.60706,150
203_0_1_shp,41.16223,-8.60714,151
203_0_1_shp,41.16224,-8.60722,152
203_0_1_shp,41.16225,-8.6073,153
203_0_1_shp,41.16226,-8.60735,154
203_0_1_shp,41.16228,-8.60755,155
203_0_1_shp,41.16229,-8.60762,156
203_0_1_shp,41.16235,-8.60809,157
203_0_1_shp,41.16235,-8.60814,158
203_0_1_shp,41.16238,-8.60839,159
203_0_1_shp,41.16243,-8.60875,160
203_0_1_shp,41.16248,-8.60923,161
203_0_1_shp,41.16249,-8.60937,162
203_0_1_shp,41.16261,-8.61019,163
203_0_1_shp,41.16265,-8.61051,164
203_0_1_shp,41.16272,-8.61114,165
203_0_1_shp,41.16275,-8.61135,166
203_0_1_shp,41.16283,-8.61198,167
203_0_1_shp,41.16285,-8.61217,168
203_0_1_shp,41.16286,-8.61228,169
203_0_1_shp,41.16289,-8.61249,170
203_0_1_shp,41.1629,-8.61263,171
203_0_1_shp,41.1631,-8.61424,172
203_0_1_shp,41.16319,-8.61484,173
203_0_1_shp,41.16323,-8.61531,174
203_0_1_shp,41.16339,-8.61628,175
203_0_1_shp,41.16353,-8.61744,176
203_0_1_shp,41.16365,-8.61847,177
203_0_1_shp,41.16375,-8.61928,178
203_0_1_shp,41.16378,-8.61945,179
203_0_1_shp,41.16381,-8.61962,180
203_0_1_shp,41.16383,-8.61982,181
203_0_1_shp,41.16387,-8.62021,182
203_0_1_shp,41.16392,-8.62068,183
203_0_1_shp,41.16396,-8.62107,184
203_0_1_shp,41.16399,-8.62129,185
203_0_1_shp,41.164,-8.62138,186
203_0_1_shp,41.16405,-8.62169,187
203_0_1_shp,41.16414,-8.62241,188
203_0_1_shp,41.16424,-8.6232,189
203_0_1_shp,41.16434,-8.62414,190
203_0_1_shp,41.16436,-8.62426,191
203_0_1_shp,41.16444,-8.62485,192
203_0_1_shp,41.16452,-8.62549,193
203_0_1_shp,41.16455,-8.62572,194
203_0_1_shp,41.1646,-8.62615,195
203_0_1_shp,41.16471,-8.62709,196
203_0_1_shp,41.1648,-8.62777,197
203_0_1_shp,41.16481,-8.62783,198
203_0_1_shp,41.16486,-8.62819,199
203_0_1_shp,41.16489,-8.6284,200
203_0_1_shp,41.16505,-8.62969,201
203_0_1_shp,41.1651,-8.63014,202
203_0_1_shp,41.16511,-8.63027,203
203_0_1_shp,41.16511,-8.63043,204
203_0_1_shp,41.16508,-8.63071,205
203_0_1_shp,41.16503,-8.63082,206
203_0_1_shp,41.16499,-8.63094,207
203_0_1_shp,41.16486,-8.63125,208
203_0_1_shp,41.16463,-8.63176,209
203_0_1_shp,41.16451,-8.63198,210
203_0_1_shp,41.16446,-8.63204,211
203_0_1_shp,41.16436,-8.63222,212
203_0_1_shp,41.16426,-8.63244,213
203_0_1_shp,41.16422,-8.63254,214
203_0_1_shp,41.16418,-8.63264,215
203_0_1_shp,41.16409,-8.63271,216
203_0_1_shp,41.16402,-8.63286,217
203_0_1_shp,41.1639,-8.63314,218
203_0_1_shp,41.16387,-8.63322,219
203_0_1_shp,41.16384,-8.6333,220
203_0_1_shp,41.16383,-8.63331,221
203_0_1_shp,41.16382,-8.63333,222
203_0_1_shp,41.16381,-8.63337,223
203_0_1_shp,41.1638,-8.63337,224
203_0_1_shp,41.16378,-8.63342,225
203_0_1_shp,41.16371,-8.63357,226
203_0_1_shp,41.16369,-8.63359,227
203_0_1_shp,41.16368,-8.6336,228
203_0_1_shp,41.16367,-8.63362,229
203_0_1_shp,41.16365,-8.63363,230
203_0_1_shp,41.16363,-8.63364,231
203_0_1_shp,41.16361,-8.63364,232
203_0_1_shp,41.16359,-8.63364,233
203_0_1_shp,41.16357,-8.63365,234
203_0_1_shp,41.16355,-8.63364,235
203_0_1_shp,41.16353,-8.63363,236
203_0_1_shp,41.16351,-8.63362,237
203_0_1_shp,41.16341,-8.63353,238
203_0_1_shp,41.16336,-8.6335,239
203_0_1_shp,41.1632,-8.63346,240
203_0_1_shp,41.16311,-8.63339,241
203_0_1_shp,41.16291,-8.6332,242
203_0_1_shp,41.16277,-8.63309,243
203_0_1_shp,41.16266,-8.633,244
203_0_1_shp,41.16245,-8.63283,245
203_0_1_shp,41.16204,-8.63249,246
203_0_1_shp,41.16132,-8.63193,247
203_0_1_shp,41.16108,-8.63173,248
203_0_1_shp,41.16089,-8.63159,249
203_0_1_shp,41.16049,-8.63126,250
203_0_1_shp,41.16048,-8.63125,251
203_0_1_shp,41.16044,-8.63122,252
203_0_1_shp,41.15997,-8.63085,253
203_0_1_shp,41.15972,-8.63066,254
203_0_1_shp,41.15955,-8.63054,255
203_0_1_shp,41.15949,-8.63049,256
203_0_1_shp,41.15945,-8.63046,257
203_0_1_shp,41.15935,-8.63039,258
203_0_1_shp,41.15923,-8.63029,259
203_0_1_shp,41.15922,-8.63028,260
203_0_1_shp,41.15912,-8.63021,261
203_0_1_shp,41.15905,-8.63015,262
203_0_1_shp,41.15901,-8.63012,263
203_0_1_shp,41.15892,-8.63005,264
203_0_1_shp,41.15884,-8.62999,265
203_0_1_shp,41.15868,-8.62986,266
203_0_1_shp,41.15863,-8.62994,267
203_0_1_shp,41.15859,-8.62999,268
203_0_1_shp,41.15855,-8.63004,269
203_0_1_shp,41.1585,-8.63008,270
203_0_1_shp,41.15849,-8.63009,271
203_0_1_shp,41.15845,-8.63012,272
203_0_1_shp,41.15843,-8.63014,273
203_0_1_shp,41.15841,-8.63015,274
203_0_1_shp,41.15835,-8.63018,275
203_0_1_shp,41.1583,-8.63021,276
203_0_1_shp,41.15825,-8.63023,277
203_0_1_shp,41.15819,-8.63025,278
203_0_1_shp,41.15814,-8.63027,279
203_0_1_shp,41.15812,-8.63027,280
203_0_1_shp,41.15808,-8.63029,281
203_0_1_shp,41.15803,-8.63031,282
203_0_1_shp,41.158,-8.63031,283
203_0_1_shp,41.15797,-8.63032,284
203_0_1_shp,41.15791,-8.63033,285
203_0_1_shp,41.15786,-8.63033,286
203_0_1_shp,41.15783,-8.63033,287
203_0_1_shp,41.1578,-8.63033,288
203_0_1_shp,41.15775,-8.63033,289
203_0_1_shp,41.15771,-8.63032,290
203_0_1_shp,41.15764,-8.6303,291
203_0_1_shp,41.1576,-8.63029,292
203_0_1_shp,41.15757,-8.63027,293
203_0_1_shp,41.15755,-8.63026,294
203_0_1_shp,41.15752,-8.63025,295
203_0_1_shp,41.15749,-8.63023,296
203_0_1_shp,41.15743,-8.63019,297
203_0_1_shp,41.15738,-8.63015,298
203_0_1_shp,41.15736,-8.63013,299
203_0_1_shp,41.15734,-8.63011,300
203_0_1_shp,41.15729,-8.63006,301
203_0_1_shp,41.15725,-8.63,302
203_0_1_shp,41.15721,-8.62995,303
203_0_1_shp,41.15717,-8.62989,304
203_0_1_shp,41.15714,-8.62983,305
203_0_1_shp,41.15711,-8.62976,306
203_0_1_shp,41.15708,-8.6297,307
203_0_1_shp,41.15707,-8.62967,308
203_0_1_shp,41.15705,-8.62963,309
203_0_1_shp,41.15703,-8.62956,310
203_0_1_shp,41.15703,-8.62954,311
203_0_1_shp,41.15701,-8.62948,312
203_0_1_shp,41.15701,-8.62946,313
203_0_1_shp,41.157,-8.62941,314
203_0_1_shp,41.15699,-8.62937,315
203_0_1_shp,41.15698,-8.62934,316
203_0_1_shp,41.15698,-8.62926,317
203_0_1_shp,41.15698,-8.62922,318
203_0_1_shp,41.15698,-8.62918,319
203_0_1_shp,41.15698,-8.62911,320
203_0_1_shp,41.15698,-8.62903,321
203_0_1_shp,41.15699,-8.62901,322
203_0_1_shp,41.15699,-8.62895,323
203_0_1_shp,41.157,-8.62888,324
203_0_1_shp,41.15701,-8.62882,325
203_0_1_shp,41.15704,-8.62872,326
203_0_1_shp,41.15708,-8.62862,327
203_0_1_shp,41.15711,-8.62854,328
203_0_1_shp,41.15713,-8.62849,329
203_0_1_shp,41.15717,-8.62843,330
203_0_1_shp,41.15721,-8.62838,331
203_0_1_shp,41.15725,-8.62832,332
203_0_1_shp,41.15729,-8.62827,333
203_0_1_shp,41.15734,-8.62823,334
203_0_1_shp,41.15738,-8.62818,335
203_0_1_shp,41.15744,-8.62815,336
203_0_1_shp,41.15749,-8.62811,337
203_0_1_shp,41.15754,-8.62808,338
203_0_1_shp,41.1576,-8.62805,339
203_0_1_shp,41.15765,-8.62803,340
203_0_1_shp,41.15771,-8.62801,341
203_0_1_shp,41.15774,-8.62801,342
203_0_1_shp,41.15776,-8.628,343
203_0_1_shp,41.1578,-8.62798,344
203_0_1_shp,41.15784,-8.62797,345
203_0_1_shp,41.15787,-8.62796,346
203_0_1_shp,41.15793,-8.62796,347
203_0_1_shp,41.15799,-8.62795,348
203_0_1_shp,41.15804,-8.62795,349
203_0_1_shp,41.1581,-8.62796,350
203_0_1_shp,41.15811,-8.62796,351
203_0_1_shp,41.15817,-8.62797,352
203_0_1_shp,41.15822,-8.62799,353
203_0_1_shp,41.15828,-8.62801,354
203_0_1_shp,41.15833,-8.62803,355
203_0_1_shp,41.15835,-8.62805,356
203_0_1_shp,41.15839,-8.62808,357
203_0_1_shp,41.15841,-8.62809,358
203_0_1_shp,41.15844,-8.62811,359
203_0_1_shp,41.15846,-8.62813,360
203_0_1_shp,41.15848,-8.62815,361
203_0_1_shp,41.15851,-8.62818,362
203_0_1_shp,41.15856,-8.62823,363
203_0_1_shp,41.1586,-8.62828,364
203_0_1_shp,41.15864,-8.62833,365
203_0_1_shp,41.15868,-8.62839,366
203_0_1_shp,41.15869,-8.62841,367
203_0_1_shp,41.15871,-8.62845,368
203_0_1_shp,41.15875,-8.62852,369
203_0_1_shp,41.15877,-8.62858,370
203_0_1_shp,41.1588,-8.62865,371
203_0_1_shp,41.15882,-8.62872,372
203_0_1_shp,41.15884,-8.6288,373
203_0_1_shp,41.15886,-8.62887,374
203_0_1_shp,41.15887,-8.62892,375
203_0_1_shp,41.15904,-8.62888,376
203_0_1_shp,41.15919,-8.62884,377
203_0_1_shp,41.15942,-8.62877,378
203_0_1_shp,41.15972,-8.62869,379
203_0_1_shp,41.15998,-8.62862,380
203_0_1_shp,41.16017,-8.62858,381
203_0_1_shp,41.16031,-8.62854,382
203_0_1_shp,41.16043,-8.62851,383
203_0_1_shp,41.16052,-8.62847,384
203_0_1_shp,41.16073,-8.62837,385
203_0_1_shp,41.16075,-8.62837,386
203_0_1_shp,41.16076,-8.62846,387
203_0_1_shp,41.1608,-8.62874,388
203_0_1_shp,41.16085,-8.62903,389
203_0_1_shp,41.16085,-8.62916,390
203_0_1_shp,41.16096,-8.62914,391
203_0_1_shp,41.16098,-8.6293,392
203_0_1_shp,41.16098,-8.62933,393
203_0_1_shp,41.16099,-8.62937,394
203_0_1_shp,41.161,-8.6294,395
203_0_1_shp,41.16102,-8.62942,396
203_0_1_shp,41.16105,-8.62945,397
203_0_1_shp,41.16144,-8.6298,398
203_0_1_shp,41.16153,-8.62989,399
203_0_1_shp,41.16163,-8.62997,400
203_0_1_shp,41.16159,-8.63006,401
203_0_1_shp,41.16151,-8.63019,402
203_0_1_shp,41.16146,-8.6303,403
203_0_1_shp,41.16118,-8.63003,404
203_1_1_shp,41.16118,-8.63003,1
203_1_1_shp,41.16106,-8.62991,2
203_1_1_shp,41.161,-8.62984,3
203_1_1_shp,41.16097,-8.62977,4
203_1_1_shp,41.16095,-8.62971,5
203_1_1_shp,41.16093,-8.62966,6
203_1_1_shp,41.16093,-8.6296,7
203_1_1_shp,41.16093,-8.62956,8
203_1_1_shp,41.16093,-8.6295,9
203_1_1_shp,41.16092,-8.62946,10
203_1_1_shp,41.16086,-8.62924,11
203_1_1_shp,41.16085,-8.62916,12
203_1_1_shp,41.16085,-8.62903,13
203_1_1_shp,41.1608,-8.62874,14
203_1_1_shp,41.16076,-8.62846,15
203_1_1_shp,41.16075,-8.62837,16
203_1_1_shp,41.15887,-8.62894,17
203_1_1_shp,41.15888,-8.62904,18
203_1_1_shp,41.15888,-8.6291,19
203_1_1_shp,41.15888,-8.62913,20
203_1_1_shp,41.15887,-8.62922,21
203_1_1_shp,41.15887,-8.62925,22
203_1_1_shp,41.15886,-8.62933,23
203_1_1_shp,41.15885,-8.6294,24
203_1_1_shp,41.15883,-8.62948,25
203_1_1_shp,41.15881,-8.62955,26
203_1_1_shp,41.15879,-8.62962,27
203_1_1_shp,41.15876,-8.62968,28
203_1_1_shp,41.15875,-8.62972,29
203_1_1_shp,41.15873,-8.62976,30
203_1_1_shp,41.1587,-8.62982,31
203_1_1_shp,41.15868,-8.62986,32
203_1_1_shp,41.15863,-8.62994,33
203_1_1_shp,41.15859,-8.62999,34
203_1_1_shp,41.15855,-8.63004,35
203_1_1_shp,41.1585,-8.63008,36
203_1_1_shp,41.15849,-8.63009,37
203_1_1_shp,41.15845,-8.63012,38
203_1_1_shp,41.15843,-8.63014,39
203_1_1_shp,41.15841,-8.63015,40
203_1_1_shp,41.15835,-8.63018,41
203_1_1_shp,41.1583,-8.63021,42
203_1_1_shp,41.15825,-8.63023,43
203_1_1_shp,41.15819,-8.63025,44
203_1_1_shp,41.15814,-8.63027,45
203_1_1_shp,41.15812,-8.63027,46
203_1_1_shp,41.15808,-8.63029,47
203_1_1_shp,41.15803,-8.63031,48
203_1_1_shp,41.158,-8.63031,49
203_1_1_shp,41.15797,-8.63032,50
203_1_1_shp,41.15791,-8.63033,51
203_1_1_shp,41.15786,-8.63033,52
203_1_1_shp,41.15783,-8.63033,53
203_1_1_shp,41.1578,-8.63033,54
203_1_1_shp,41.15775,-8.63033,55
203_1_1_shp,41.15771,-8.63032,56
203_1_1_shp,41.15764,-8.6303,57
203_1_1_shp,41.1576,-8.63029,58
203_1_1_shp,41.15757,-8.63027,59
203_1_1_shp,41.15755,-8.63026,60
203_1_1_shp,41.15752,-8.63025,61
203_1_1_shp,41.15749,-8.63023,62
203_1_1_shp,41.15743,-8.63019,63
203_1_1_shp,41.15742,-8.63018,64
203_1_1_shp,41.15738,-8.63015,65
203_1_1_shp,41.15736,-8.63013,66
203_1_1_shp,41.15734,-8.63011,67
203_1_1_shp,41.15729,-8.63006,68
203_1_1_shp,41.15725,-8.63,69
203_1_1_shp,41.15721,-8.62995,70
203_1_1_shp,41.15717,-8.62989,71
203_1_1_shp,41.15714,-8.62983,72
203_1_1_shp,41.15711,-8.62976,73
203_1_1_shp,41.15708,-8.6297,74
203_1_1_shp,41.15707,-8.62967,75
203_1_1_shp,41.15705,-8.62963,76
203_1_1_shp,41.15703,-8.62956,77
203_1_1_shp,41.15703,-8.62954,78
203_1_1_shp,41.15701,-8.62948,79
203_1_1_shp,41.15701,-8.62946,80
203_1_1_shp,41.157,-8.62941,81
203_1_1_shp,41.15699,-8.62937,82
203_1_1_shp,41.15698,-8.62934,83
203_1_1_shp,41.15698,-8.62926,84
203_1_1_shp,41.15698,-8.62922,85
203_1_1_shp,41.15698,-8.62918,86
203_1_1_shp,41.15698,-8.62911,87
203_1_1_shp,41.15698,-8.62903,88
203_1_1_shp,41.15699,-8.62901,89
203_1_1_shp,41.15699,-8.62895,90
203_1_1_shp,41.157,-8.62888,91
203_1_1_shp,41.15701,-8.62882,92
203_1_1_shp,41.15704,-8.62872,93
203_1_1_shp,41.15708,-8.62862,94
203_1_1_shp,41.15711,-8.62854,95
203_1_1_shp,41.15713,-8.62849,96
203_1_1_shp,41.15717,-8.62843,97
203_1_1_shp,41.15721,-8.62838,98
203_1_1_shp,41.15725,-8.62832,99
203_1_1_shp,41.15729,-8.62827,100
203_1_1_shp,41.15734,-8.62823,101
203_1_1_shp,41.15738,-8.62818,102
203_1_1_shp,41.15744,-8.62815,103
203_1_1_shp,41.15749,-8.62811,104
203_1_1_shp,41.15754,-8.62808,105
203_1_1_shp,41.1576,-8.62805,106
203_1_1_shp,41.15765,-8.62803,107
203_1_1_shp,41.15771,-8.62801,108
203_1_1_shp,41.15774,-8.62801,109
203_1_1_shp,41.15776,-8.628,110
203_1_1_shp,41.1578,-8.62798,111
203_1_1_shp,41.15784,-8.62797,112
203_1_1_shp,41.15787,-8.62796,113
203_1_1_shp,41.15793,-8.62796,114
203_1_1_shp,41.15799,-8.62795,115
203_1_1_shp,41.15804,-8.62795,116
203_1_1_shp,41.1581,-8.62796,117
203_1_1_shp,41.15811,-8.62796,118
203_1_1_shp,41.15817,-8.62797,119
203_1_1_shp,41.15822,-8.62799,120
203_1_1_shp,41.15828,-8.62801,121
203_1_1_shp,41.15833,-8.62803,122
203_1_1_shp,41.15835,-8.62805,123
203_1_1_shp,41.15839,-8.62808,124
203_1_1_shp,41.15841,-8.62809,125
203_1_1_shp,41.15844,-8.62811,126
203_1_1_shp,41.15846,-8.62813,127
203_1_1_shp,41.15848,-8.62815,128
203_1_1_shp,41.15851,-8.62818,129
203_1_1_shp,41.15856,-8.62823,130
203_1_1_shp,41.1586,-8.62828,131
203_1_1_shp,41.15864,-8.62833,132
203_1_1_shp,41.15868,-8.62839,133
203_1_1_shp,41.15869,-8.62841,134
203_1_1_shp,41.15871,-8.62845,135
203_1_1_shp,41.15875,-8.62852,136
203_1_1_shp,41.15877,-8.62858,137
203_1_1_shp,41.1588,-8.62865,138
203_1_1_shp,41.15882,-8.62872,139
203_1_1_shp,41.15884,-8.6288,140
203_1_1_shp,41.15886,-8.62887,141
203_1_1_shp,41.15887,-8.62892,142
203_1_1_shp,41.15904,-8.62888,143
203_1_1_shp,41.15919,-8.62884,144
203_1_1_shp,41.15942,-8.62877,145
203_1_1_shp,41.15972,-8.62869,146
203_1_1_shp,41.1598,-8.62867,147
203_1_1_shp,41.15998,-8.62862,148
203_1_1_shp,41.16017,-8.62858,149
203_1_1_shp,41.16031,-8.62854,150
203_1_1_shp,41.16043,-8.62851,151
203_1_1_shp,41.16052,-8.62847,152
203_1_1_shp,41.16073,-8.62837,153
203_1_1_shp,41.16075,-8.62837,154
203_1_1_shp,41.16076,-8.62837,155
203_1_1_shp,41.16086,-8.62833,156
203_1_1_shp,41.16175,-8.62804,157
203_1_1_shp,41.16187,-8.62801,158
203_1_1_shp,41.16189,-8.628,159
203_1_1_shp,41.16209,-8.62791,160
203_1_1_shp,41.1621,-8.62791,161
203_1_1_shp,41.16222,-8.62785,162
203_1_1_shp,41.16224,-8.62785,163
203_1_1_shp,41.16232,-8.62781,164
203_1_1_shp,41.16238,-8.6278,165
203_1_1_shp,41.16316,-8.62757,166
203_1_1_shp,41.16335,-8.62751,167
203_1_1_shp,41.16352,-8.62747,168
203_1_1_shp,41.16345,-8.62645,169
203_1_1_shp,41.16341,-8.62575,170
203_1_1_shp,41.1634,-8.62557,171
203_1_1_shp,41.16339,-8.62533,172
203_1_1_shp,41.16336,-8.62478,173
203_1_1_shp,41.16333,-8.62464,174
203_1_1_shp,41.1633,-8.62392,175
203_1_1_shp,41.16324,-8.62362,176
203_1_1_shp,41.16319,-8.62338,177
203_1_1_shp,41.16317,-8.62329,178
203_1_1_shp,41.16311,-8.62306,179
203_1_1_shp,41.16305,-8.62284,180
203_1_1_shp,41.16301,-8.6227,181
203_1_1_shp,41.16299,-8.62261,182
203_1_1_shp,41.16293,-8.62223,183
203_1_1_shp,41.16292,-8.62219,184
203_1_1_shp,41.16286,-8.62185,185
203_1_1_shp,41.16282,-8.62148,186
203_1_1_shp,41.16279,-8.62129,187
203_1_1_shp,41.16274,-8.62086,188
203_1_1_shp,41.1627,-8.62041,189
203_1_1_shp,41.16267,-8.61997,190
203_1_1_shp,41.16256,-8.61846,191
203_1_1_shp,41.16237,-8.61648,192
203_1_1_shp,41.16228,-8.61577,193
203_1_1_shp,41.16223,-8.61541,194
203_1_1_shp,41.16214,-8.61471,195
203_1_1_shp,41.16209,-8.61429,196
203_1_1_shp,41.16208,-8.61416,197
203_1_1_shp,41.16207,-8.6141,198
203_1_1_shp,41.16202,-8.6137,199
203_1_1_shp,41.16194,-8.61312,200
203_1_1_shp,41.16192,-8.61295,201
203_1_1_shp,41.16189,-8.61272,202
203_1_1_shp,41.16185,-8.61248,203
203_1_1_shp,41.16177,-8.61181,204
203_1_1_shp,41.16173,-8.61135,205
203_1_1_shp,41.16166,-8.6108,206
203_1_1_shp,41.16164,-8.61065,207
203_1_1_shp,41.16159,-8.61021,208
203_1_1_shp,41.16156,-8.61001,209
203_1_1_shp,41.16149,-8.6096,210
203_1_1_shp,41.16143,-8.60938,211
203_1_1_shp,41.16131,-8.60885,212
203_1_1_shp,41.16128,-8.60872,213
203_1_1_shp,41.16118,-8.60818,214
203_1_1_shp,41.16105,-8.60748,215
203_1_1_shp,41.16076,-8.60596,216
203_1_1_shp,41.16067,-8.60551,217
203_1_1_shp,41.1606,-8.6052,218
203_1_1_shp,41.16051,-8.6049,219
203_1_1_shp,41.16044,-8.60471,220
203_1_1_shp,41.16044,-8.6047,221
203_1_1_shp,41.16036,-8.60446,222
203_1_1_shp,41.1599,-8.60276,223
203_1_1_shp,41.15945,-8.60105,224
203_1_1_shp,41.15928,-8.60043,225
203_1_1_shp,41.15882,-8.5988,226
203_1_1_shp,41.1588,-8.59867,227
203_1_1_shp,41.15907,-8.59804,228
203_1_1_shp,41.15923,-8.59769,229
203_1_1_shp,41.15943,-8.59705,230
203_1_1_shp,41.15968,-8.59622,231
203_1_1_shp,41.16,-8.59514,232
203_1_1_shp,41.16018,-8.59457,233
203_1_1_shp,41.16037,-8.59397,234
203_1_1_shp,41.16053,-8.59348,235
203_1_1_shp,41.16068,-8.59306,236
203_1_1_shp,41.16068,-8.59305,237
203_1_1_shp,41.16086,-8.59248,238
203_1_1_shp,41.16089,-8.59229,239
203_1_1_shp,41.16092,-8.59222,240
203_1_1_shp,41.16096,-8.5921,241
203_1_1_shp,41.16097,-8.59206,242
203_1_1_shp,41.16103,-8.59191,243
203_1_1_shp,41.16126,-8.59176,244
203_1_1_shp,41.16148,-8.59162,245
203_1_1_shp,41.16156,-8.59155,246
203_1_1_shp,41.16163,-8.59149,247
203_1_1_shp,41.16187,-8.5913,248
203_1_1_shp,41.16203,-8.59118,249
203_1_1_shp,41.16253,-8.59076,250
203_1_1_shp,41.1626,-8.59068,251
203_1_1_shp,41.16274,-8.59055,252
203_1_1_shp,41.1629,-8.59042,253
203_1_1_shp,41.16299,-8.59034,254
203_1_1_shp,41.16303,-8.59031,255
203_1_1_shp,41.16321,-8.59015,256
203_1_1_shp,41.1635,-8.58991,257
203_1_1_shp,41.16362,-8.58981,258
203_1_1_shp,41.16387,-8.58959,259
203_1_1_shp,41.1639,-8.58957,260
203_1_1_shp,41.16392,-8.58955,261
203_1_1_shp,41.1639,-8.58951,262
203_1_1_shp,41.16389,-8.58944,263
203_1_1_shp,41.16388,-8.58941,264
203_1_1_shp,41.16378,-8.58909,265
203_1_1_shp,41.16361,-8.58857,266
203_1_1_shp,41.16357,-8.58843,267
203_1_1_shp,41.16349,-8.58816,268
203_1_1_shp,41.16343,-8.58797,269
203_1_1_shp,41.16322,-8.58732,270
203_1_1_shp,41.16319,-8.58723,271
203_1_1_shp,41.16297,-8.58654,272
203_1_1_shp,41.16288,-8.58626,273
203_1_1_shp,41.16275,-8.58587,274
203_1_1_shp,41.16274,-8.58582,275
203_1_1_shp,41.16271,-8.58575,276
203_1_1_shp,41.16268,-8.58565,277
203_1_1_shp,41.16264,-8.58554,278
203_1_1_shp,41.16264,-8.58553,279
203_1_1_shp,41.16263,-8.58552,280
203_1_1_shp,41.16259,-8.5854,281
203_1_1_shp,41.16254,-8.58535,282
203_1_1_shp,41.16251,-8.58533,283
203_1_1_shp,41.16248,-8.58533,284
203_1_1_shp,41.16247,-8.58532,285
203_1_1_shp,41.16244,-8.58532,286
203_1_1_shp,41.16235,-8.58534,287
203_1_1_shp,41.16225,-8.58538,288
203_1_1_shp,41.16217,-8.58541,289
203_1_1_shp,41.16207,-8.58545,290
203_1_1_shp,41.16201,-8.58547,291
203_1_1_shp,41.16193,-8.58549,292
203_1_1_shp,41.1619,-8.5855,293
203_1_1_shp,41.16186,-8.58551,294
203_1_1_shp,41.16175,-8.5855,295
203_1_1_shp,41.16163,-8.5855,296
203_1_1_shp,41.1616,-8.58549,297
203_1_1_shp,41.16155,-8.58549,298
203_1_1_shp,41.16151,-8.58548,299
203_1_1_shp,41.16146,-8.58546,300
203_1_1_shp,41.16142,-8.58545,301
203_1_1_shp,41.16137,-8.58544,302
203_1_1_shp,41.16133,-8.58542,303
203_1_1_shp,41.1613,-8.58541,304
203_1_1_shp,41.16126,-8.58539,305
203_1_1_shp,41.16122,-8.58538,306
203_1_1_shp,41.16122,-8.58537,307
203_1_1_shp,41.16107,-8.58527,308
203_1_1_shp,41.1609,-8.58512,309
203_1_1_shp,41.16088,-8.58509,310
203_1_1_shp,41.16081,-8.58493,311
203_1_1_shp,41.16068,-8.58471,312
203_1_1_shp,41.16063,-8.5846,313
203_1_1_shp,41.16062,-8.58459,314
203_1_1_shp,41.16056,-8.58445,315
203_1_1_shp,41.1605,-8.58424,316
203_1_1_shp,41.16049,-8.58424,317
203_1_1_shp,41.16046,-8.58411,318
203_1_1_shp,41.1604,-8.58388,319
203_1_1_shp,41.16039,-8.58383,320
203_1_1_shp,41.1603,-8.58351,321
203_1_1_shp,41.16026,-8.58335,322
203_1_1_shp,41.16021,-8.58316,323
203_1_1_shp,41.16012,-8.58275,324
203_1_1_shp,41.16011,-8.58269,325
203_1_1_shp,41.16007,-8.58248,326
203_1_1_shp,41.1601,-8.58246,327
203_1_1_shp,41.16013,-8.58245,328
203_1_1_shp,41.16018,-8.58242,329
203_1_1_shp,41.1602,-8.58242,330
203_1_1_shp,41.16027,-8.58239,331
203_1_1_shp,41.16048,-8.58232,332
203_1_1_shp,41.16141,-8.58192,333